<?xml version="1.0" encoding="UTF-8"?>
<!DOCTYPE svg PUBLIC "-//W3C//DTD SVG 1.1//EN" "http://www.w3.org/Graphics/SVG/1.1/DTD/svg11.dtd">
<svg xmlns="http://www.w3.org/2000/svg" version="1.1" width="1024px" height="1024px" style="shape-rendering:geometricPrecision; text-rendering:geometricPrecision; image-rendering:optimizeQuality; fill-rule:evenodd; clip-rule:evenodd" xmlns:xlink="http://www.w3.org/1999/xlink">
<g><path style="opacity:1" fill="#f2f3f5" d="M -0.5,-0.5 C 340.833,-0.5 682.167,-0.5 1023.5,-0.5C 1023.5,340.833 1023.5,682.167 1023.5,1023.5C 682.167,1023.5 340.833,1023.5 -0.5,1023.5C -0.5,682.167 -0.5,340.833 -0.5,-0.5 Z"/></g>
<g><path style="opacity:1" fill="#f1f3f5" d="M 903.5,355.5 C 933.148,378.143 962.815,400.809 992.5,423.5C 983.47,434.192 974.47,444.858 965.5,455.5C 957.482,449.808 949.482,444.142 941.5,438.5C 798.7,329.843 654.866,222.509 510,116.5C 358.662,228.165 208.162,340.998 58.5,455C 57.0039,455.507 55.8373,455.007 55,453.5C 47.5442,443.709 39.7109,434.209 31.5,425C 191.025,305.308 350.692,185.808 510.5,66.5C 641.256,163.269 772.256,259.602 903.5,355.5 Z"/></g>
<g><path style="opacity:1" fill="#f2f3f5" d="M 834.5,123.5 C 834.832,178.336 834.499,233.003 833.5,287.5C 800.148,263.142 766.815,238.809 733.5,214.5C 733.5,184.167 733.5,153.833 733.5,123.5C 767.167,123.5 800.833,123.5 834.5,123.5 Z"/></g>
<g><path style="opacity:1" fill="#f2f3f5" d="M 926.5,443.5 C 927.5,593.999 927.833,744.666 927.5,895.5C 927.167,895.5 926.833,895.5 926.5,895.5C 926.667,745.833 926.5,596.166 926,446.5C 925.5,595.833 925.333,745.166 925.5,894.5C 819.833,894.5 714.167,894.5 608.5,894.5C 608.833,786.999 608.499,679.665 607.5,572.5C 607.167,572.5 606.833,572.5 606.5,572.5C 542.002,571.501 477.335,571.168 412.5,571.5C 411.501,678.999 411.167,786.665 411.5,894.5C 306.5,894.5 201.5,894.5 96.5,894.5C 96.3333,744.5 96.5,594.5 97,444.5C 98.3803,443.744 98.547,443.078 97.5,442.5C 234.262,338.58 371.762,235.58 510,133.5C 649.649,235.741 788.482,339.074 926.5,443.5 Z"/></g>
<g><path style="opacity:1" fill="#9f5aef" d="M 834.5,123.5 C 835.499,178.331 835.832,233.331 835.5,288.5C 834.508,288.672 833.842,288.338 833.5,287.5C 834.499,233.003 834.832,178.336 834.5,123.5 Z"/></g>
<g><path style="opacity:1" fill="#9f51fc" d="M 719.5,203.5 C 717.231,203.696 714.731,204.363 712,205.5C 712.353,207.228 712.519,208.894 712.5,210.5C 709.972,211.517 709.972,212.684 712.5,214C 715,215.833 717.5,217.667 720,219.5C 720.667,218.167 721.333,216.833 722,215.5C 723.406,216.668 724.572,216.335 725.5,214.5C 726.748,215.04 727.915,215.707 729,216.5C 729.939,213.985 731.439,213.318 733.5,214.5C 766.815,238.809 800.148,263.142 833.5,287.5C 833.842,288.338 834.508,288.672 835.5,288.5C 836.329,281.679 836.829,274.679 837,267.5C 838.236,269.307 838.57,271.307 838,273.5C 840.09,272.209 841.424,272.876 842,275.5C 843.147,274.542 844.147,274.875 845,276.5C 845.49,277.793 845.657,279.127 845.5,280.5C 844.448,280.351 843.448,280.517 842.5,281C 843.471,282.204 844.471,282.704 845.5,282.5C 844.352,284.149 843.019,285.649 841.5,287C 842.325,288.688 843.325,288.855 844.5,287.5C 845.641,289.421 845.808,291.421 845,293.5C 842.952,292.577 841.119,293.077 839.5,295C 843.767,295.987 844.1,296.821 840.5,297.5C 840.5,298.5 840.5,299.5 840.5,300.5C 838.94,300.481 837.44,300.148 836,299.5C 834.829,300.34 833.662,301.173 832.5,302C 856.593,319.368 880.26,337.201 903.5,355.5C 772.256,259.602 641.256,163.269 510.5,66.5C 350.692,185.808 191.025,305.308 31.5,425C 39.7109,434.209 47.5442,443.709 55,453.5C 55.8373,455.007 57.0039,455.507 58.5,455C 208.162,340.998 358.662,228.165 510,116.5C 654.866,222.509 798.7,329.843 941.5,438.5C 935.233,440.284 931.233,437.95 929.5,431.5C 928.544,432.888 927.544,434.221 926.5,435.5C 924.971,435.471 923.804,434.804 923,433.5C 922.074,438.585 924.241,441.419 929.5,442C 928.263,442.232 927.263,442.732 926.5,443.5C 788.482,339.074 649.649,235.741 510,133.5C 371.762,235.58 234.262,338.58 97.5,442.5C 96.8501,442.804 96.1835,443.137 95.5,443.5C 94.5,594.165 94.1667,744.832 94.5,895.5C 94.5,895.833 94.5,896.167 94.5,896.5C 93.8333,746.999 93.1667,597.333 92.5,447.5C 91.0962,446.001 90.4296,446.334 90.5,448.5C 93.0355,451.926 93.0355,455.759 90.5,460C 91.1667,461 91.8333,462 92.5,463C 91.4844,463.519 90.8178,464.353 90.5,465.5C 93.1224,467.535 93.1224,470.369 90.5,474C 92.9011,474.805 92.7344,475.638 90,476.5C 89.586,476.043 89.086,475.709 88.5,475.5C 85.7501,478.763 83.7501,478.763 82.5,475.5C 82.824,468.646 82.4907,461.979 81.5,455.5C 80.6726,454.561 80.0059,454.895 79.5,456.5C 72.1736,461.169 65.1736,466.336 58.5,472C 57.2411,472.982 55.9078,473.315 54.5,473C 40.5482,456.926 26.7149,440.76 13,424.5C 12.2506,423.365 12.4173,422.365 13.5,421.5C 178.988,297.257 344.655,173.257 510.5,49.5C 580.185,100.858 649.852,152.191 719.5,203.5 Z"/></g>
<g><path style="opacity:1" fill="#b383ee" d="M 610.5,290.5 C 543.167,290.5 475.833,290.5 408.5,290.5C 408.5,342.167 408.5,393.833 408.5,445.5C 407.501,393.669 407.168,341.669 407.5,289.5C 475.335,289.167 543.002,289.501 610.5,290.5 Z"/></g>
<g><path style="opacity:1" fill="#a051fd" d="M 610.5,291.5 C 610.832,343.003 610.499,394.336 609.5,445.5C 543.002,444.501 476.335,444.168 409.5,444.5C 409.5,393.5 409.5,342.5 409.5,291.5C 476.5,291.5 543.5,291.5 610.5,291.5 Z"/></g>
<g><path style="opacity:1" fill="#f2f4f5" d="M 596.5,303.5 C 596.5,321.833 596.5,340.167 596.5,358.5C 569.833,358.5 543.167,358.5 516.5,358.5C 516.5,340.167 516.5,321.833 516.5,303.5C 543.167,303.5 569.833,303.5 596.5,303.5 Z"/></g>
<g><path style="opacity:1" fill="#f2f4f5" d="M 502.5,303.5 C 502.5,321.833 502.5,340.167 502.5,358.5C 475.5,358.5 448.5,358.5 421.5,358.5C 421.5,340.167 421.5,321.833 421.5,303.5C 448.5,303.5 475.5,303.5 502.5,303.5 Z"/></g>
<g><path style="opacity:1" fill="#dabfef" d="M 502.5,303.5 C 503.497,321.993 503.83,340.659 503.5,359.5C 475.995,359.831 448.662,359.498 421.5,358.5C 448.5,358.5 475.5,358.5 502.5,358.5C 502.5,340.167 502.5,321.833 502.5,303.5 Z"/></g>
<g><path style="opacity:1" fill="#e1ccef" d="M 596.5,303.5 C 597.497,321.993 597.83,340.659 597.5,359.5C 570.328,359.831 543.328,359.498 516.5,358.5C 543.167,358.5 569.833,358.5 596.5,358.5C 596.5,340.167 596.5,321.833 596.5,303.5 Z"/></g>
<g><path style="opacity:1" fill="#f2f3f5" d="M 502.5,372.5 C 502.5,392.167 502.5,411.833 502.5,431.5C 475.5,431.5 448.5,431.5 421.5,431.5C 421.5,411.833 421.5,392.167 421.5,372.5C 448.5,372.5 475.5,372.5 502.5,372.5 Z"/></g>
<g><path style="opacity:1" fill="#f2f4f5" d="M 596.5,372.5 C 596.5,392.167 596.5,411.833 596.5,431.5C 569.833,431.5 543.167,431.5 516.5,431.5C 516.5,411.833 516.5,392.167 516.5,372.5C 543.167,372.5 569.833,372.5 596.5,372.5 Z"/></g>
<g><path style="opacity:1" fill="#8b3afd" d="M 610.5,290.5 C 610.5,290.833 610.5,291.167 610.5,291.5C 543.5,291.5 476.5,291.5 409.5,291.5C 409.5,342.5 409.5,393.5 409.5,444.5C 476.335,444.168 543.002,444.501 609.5,445.5C 542.5,445.5 475.5,445.5 408.5,445.5C 408.5,393.833 408.5,342.167 408.5,290.5C 475.833,290.5 543.167,290.5 610.5,290.5 Z"/></g>
<g><path style="opacity:1" fill="#d8bcef" d="M 502.5,372.5 C 503.497,392.326 503.83,412.326 503.5,432.5C 475.995,432.831 448.662,432.498 421.5,431.5C 448.5,431.5 475.5,431.5 502.5,431.5C 502.5,411.833 502.5,392.167 502.5,372.5 Z"/></g>
<g><path style="opacity:1" fill="#dfcaee" d="M 596.5,372.5 C 597.497,392.326 597.83,412.326 597.5,432.5C 570.328,432.831 543.328,432.498 516.5,431.5C 543.167,431.5 569.833,431.5 596.5,431.5C 596.5,411.833 596.5,392.167 596.5,372.5 Z"/></g>
<g><path style="opacity:1" fill="#f5ecf7" d="M 940.5,454.5 C 941.5,454.833 942.167,455.5 942.5,456.5C 941.833,607.5 941.167,758.5 940.5,909.5C 940.5,757.833 940.5,606.167 940.5,454.5 Z"/></g>
<g><path style="opacity:1" fill="#f1e8f6" d="M 81.5,455.5 C 81.5,606.833 81.5,758.167 81.5,909.5C 80.8333,758.5 80.1667,607.5 79.5,456.5C 80.0059,454.895 80.6726,454.561 81.5,455.5 Z"/></g>
<g><path style="opacity:1" fill="#f9f6f9" d="M 97.5,442.5 C 98.547,443.078 98.3803,443.744 97,444.5C 96.5,594.5 96.3333,744.5 96.5,894.5C 201.5,894.5 306.5,894.5 411.5,894.5C 411.167,786.665 411.501,678.999 412.5,571.5C 412.5,679.5 412.5,787.5 412.5,895.5C 306.5,895.5 200.5,895.5 94.5,895.5C 94.1667,744.832 94.5,594.165 95.5,443.5C 96.1835,443.137 96.8501,442.804 97.5,442.5 Z"/></g>
<g><path style="opacity:1" fill="#a152fe" d="M 942.5,456.5 C 942.167,455.5 941.5,454.833 940.5,454.5C 938.832,560.065 937.832,665.898 937.5,772C 938.497,817.095 938.83,862.261 938.5,907.5C 653.167,907.5 367.833,907.5 82.5,907.5C 82.5,763.5 82.5,619.5 82.5,475.5C 83.7501,478.763 85.7501,478.763 88.5,475.5C 89.086,475.709 89.586,476.043 90,476.5C 92.7344,475.638 92.9011,474.805 90.5,474C 93.1224,470.369 93.1224,467.535 90.5,465.5C 90.8178,464.353 91.4844,463.519 92.5,463C 91.8333,462 91.1667,461 90.5,460C 93.0355,455.759 93.0355,451.926 90.5,448.5C 90.4296,446.334 91.0962,446.001 92.5,447.5C 93.1667,597.333 93.8333,746.999 94.5,896.5C 201.001,896.833 307.335,896.499 413.5,895.5C 414.499,788.335 414.833,681.001 414.5,573.5C 478.167,573.5 541.833,573.5 605.5,573.5C 605.167,681.335 605.501,789.001 606.5,896.5C 713.668,896.833 820.668,896.499 927.5,895.5C 927.833,744.666 927.5,593.999 926.5,443.5C 927.263,442.732 928.263,442.232 929.5,442C 924.241,441.419 922.074,438.585 923,433.5C 923.804,434.804 924.971,435.471 926.5,435.5C 927.544,434.221 928.544,432.888 929.5,431.5C 931.233,437.95 935.233,440.284 941.5,438.5C 949.482,444.142 957.482,449.808 965.5,455.5C 974.47,444.858 983.47,434.192 992.5,423.5C 962.815,400.809 933.148,378.143 903.5,355.5C 880.26,337.201 856.593,319.368 832.5,302C 833.662,301.173 834.829,300.34 836,299.5C 837.44,300.148 838.94,300.481 840.5,300.5C 840.5,299.5 840.5,298.5 840.5,297.5C 844.1,296.821 843.767,295.987 839.5,295C 841.119,293.077 842.952,292.577 845,293.5C 845.808,291.421 845.641,289.421 844.5,287.5C 843.325,288.855 842.325,288.688 841.5,287C 843.019,285.649 844.352,284.149 845.5,282.5C 844.471,282.704 843.471,282.204 842.5,281C 843.448,280.517 844.448,280.351 845.5,280.5C 845.657,279.127 845.49,277.793 845,276.5C 844.147,274.875 843.147,274.542 842,275.5C 841.424,272.876 840.09,272.209 838,273.5C 838.57,271.307 838.236,269.307 837,267.5C 836.829,274.679 836.329,281.679 835.5,288.5C 835.832,233.331 835.499,178.331 834.5,123.5C 800.833,123.5 767.167,123.5 733.5,123.5C 733.5,153.833 733.5,184.167 733.5,214.5C 731.439,213.318 729.939,213.985 729,216.5C 727.915,215.707 726.748,215.04 725.5,214.5C 724.572,216.335 723.406,216.668 722,215.5C 721.333,216.833 720.667,218.167 720,219.5C 717.5,217.667 715,215.833 712.5,214C 709.972,212.684 709.972,211.517 712.5,210.5C 712.519,208.894 712.353,207.228 712,205.5C 714.731,204.363 717.231,203.696 719.5,203.5C 719.667,175.831 719.5,148.165 719,120.5C 710.528,111.687 708.195,101.353 712,89.5C 714.892,83.6079 719.392,79.4413 725.5,77C 763.5,76.3333 801.5,76.3333 839.5,77C 845.49,78.9108 850.323,82.4108 854,87.5C 858.565,99.2235 856.899,109.89 849,119.5C 848.333,179.167 848.333,238.833 849,298.5C 903.783,338.949 958.283,379.782 1012.5,421C 997.833,438.333 983.167,455.667 968.5,473C 967.833,473.667 967.167,473.667 966.5,473C 958.616,467.233 950.616,461.733 942.5,456.5 Z"/></g>
<g><path style="opacity:1" fill="#f1f2f5" d="M 727.5,89.5 C 764.502,89.3333 801.502,89.5 838.5,90C 843.213,94.0962 844.713,99.2629 843,105.5C 842.535,106.931 841.701,108.097 840.5,109C 802.5,109.667 764.5,109.667 726.5,109C 724.005,106.781 723.005,103.948 723.5,100.5C 722.891,96.0649 724.224,92.3983 727.5,89.5 Z"/></g>
<g><path style="opacity:1" fill="#fbfcf9" d="M 926.5,895.5 C 820.167,895.5 713.833,895.5 607.5,895.5C 607.5,787.833 607.5,680.167 607.5,572.5C 608.499,679.665 608.833,786.999 608.5,894.5C 714.167,894.5 819.833,894.5 925.5,894.5C 925.333,745.166 925.5,595.833 926,446.5C 926.5,596.166 926.667,745.833 926.5,895.5 Z"/></g>
<g><path style="opacity:1" fill="#9748fa" d="M 940.5,454.5 C 940.5,606.167 940.5,757.833 940.5,909.5C 654.167,909.5 367.833,909.5 81.5,909.5C 81.5,758.167 81.5,606.833 81.5,455.5C 82.4907,461.979 82.824,468.646 82.5,475.5C 82.5,619.5 82.5,763.5 82.5,907.5C 367.833,907.5 653.167,907.5 938.5,907.5C 938.83,862.261 938.497,817.095 937.5,772C 937.832,665.898 938.832,560.065 940.5,454.5 Z"/></g>
<g><path style="opacity:1" fill="#c29aec" d="M 606.5,572.5 C 606.833,572.5 607.167,572.5 607.5,572.5C 607.5,680.167 607.5,787.833 607.5,895.5C 713.833,895.5 820.167,895.5 926.5,895.5C 926.833,895.5 927.167,895.5 927.5,895.5C 820.668,896.499 713.668,896.833 606.5,896.5C 606.5,788.5 606.5,680.5 606.5,572.5 Z"/></g>
<g><path style="opacity:1" fill="#bb91f0" d="M 412.5,571.5 C 477.335,571.168 542.002,571.501 606.5,572.5C 542.167,572.5 477.833,572.5 413.5,572.5C 413.5,680.167 413.5,787.833 413.5,895.5C 307.335,896.499 201.001,896.833 94.5,896.5C 94.5,896.167 94.5,895.833 94.5,895.5C 200.5,895.5 306.5,895.5 412.5,895.5C 412.5,787.5 412.5,679.5 412.5,571.5 Z"/></g>
<g><path style="opacity:1" fill="#f5eff6" d="M 426.5,585.5 C 482.167,585.5 537.833,585.5 593.5,585.5C 593.5,689.167 593.5,792.833 593.5,896.5C 537.833,896.5 482.167,896.5 426.5,896.5C 426.5,792.833 426.5,689.167 426.5,585.5 Z"/></g>
<g><path style="opacity:1" fill="#a76def" d="M 678.5,545.5 C 678.5,545.833 678.5,546.167 678.5,546.5C 678.5,597.167 678.5,647.833 678.5,698.5C 738.5,698.5 798.5,698.5 858.5,698.5C 798.336,699.499 738.002,699.832 677.5,699.5C 677.168,647.997 677.501,596.664 678.5,545.5 Z"/></g>
<g><path style="opacity:1" fill="#933efe" d="M 678.5,546.5 C 679.499,595.997 679.832,645.664 679.5,695.5C 738.491,697.496 797.824,698.163 857.5,697.5C 857.5,647.5 857.5,597.5 857.5,547.5C 857.5,546.833 857.833,546.5 858.5,546.5C 858.5,597.167 858.5,647.833 858.5,698.5C 798.5,698.5 738.5,698.5 678.5,698.5C 678.5,647.833 678.5,597.167 678.5,546.5 Z"/></g>
<g><path style="opacity:1" fill="#9547f9" d="M 162.5,546.5 C 187.339,546.169 212.006,546.502 236.5,547.5C 215.5,547.5 194.5,547.5 173.5,547.5C 170.167,547.5 166.833,547.5 163.5,547.5C 163.5,597.5 163.5,647.5 163.5,697.5C 222.833,697.5 282.167,697.5 341.5,697.5C 341.168,646.997 341.501,596.664 342.5,546.5C 342.5,597.5 342.5,648.5 342.5,699.5C 282.5,699.5 222.5,699.5 162.5,699.5C 162.5,648.5 162.5,597.5 162.5,546.5 Z"/></g>
<g><path style="opacity:1" fill="#f2f3f5" d="M 845.5,684.5 C 845.5,684.833 845.5,685.167 845.5,685.5C 821.833,685.5 798.167,685.5 774.5,685.5C 774.5,666.833 774.5,648.167 774.5,629.5C 798.167,629.5 821.833,629.5 845.5,629.5C 845.5,647.833 845.5,666.167 845.5,684.5 Z"/></g>
<g><path style="opacity:1" fill="#8b37fb" d="M 606.5,572.5 C 606.5,680.5 606.5,788.5 606.5,896.5C 605.501,789.001 605.167,681.335 605.5,573.5C 541.833,573.5 478.167,573.5 414.5,573.5C 414.833,681.001 414.499,788.335 413.5,895.5C 413.5,787.833 413.5,680.167 413.5,572.5C 477.833,572.5 542.167,572.5 606.5,572.5 Z"/></g>
<g><path style="opacity:1" fill="#a052fd" d="M 678.5,546.5 C 678.5,546.167 678.5,545.833 678.5,545.5C 738.669,545.168 798.669,545.501 858.5,546.5C 857.833,546.5 857.5,546.833 857.5,547.5C 845.829,547.333 834.162,547.5 822.5,548C 823.328,548.915 824.328,549.581 825.5,550C 825.167,550.333 824.833,550.667 824.5,551C 825.833,551.333 827.167,551.667 828.5,552C 827.786,553.343 828.12,554.676 829.5,556C 811.043,556.779 792.877,556.612 775,555.5C 773.62,556.256 773.453,556.922 774.5,557.5C 774.5,557.833 774.5,558.167 774.5,558.5C 774.5,558.833 774.5,559.167 774.5,559.5C 774.5,578.167 774.5,596.833 774.5,615.5C 797.833,615.5 821.167,615.5 844.5,615.5C 844.833,615.5 845.167,615.5 845.5,615.5C 845.5,615.833 845.5,616.167 845.5,616.5C 822.004,617.332 798.337,617.832 774.5,618C 775.471,619.204 776.471,619.704 777.5,619.5C 774.049,621.048 773.716,623.048 776.5,625.5C 779.353,623.693 780.02,621.359 778.5,618.5C 790.367,618.917 802.7,619.084 815.5,619C 815.833,619.333 816.167,619.667 816.5,620C 815.451,620.492 814.451,620.326 813.5,619.5C 812.643,620.736 811.977,622.069 811.5,623.5C 812.718,623.109 813.552,623.776 814,625.5C 814.582,622.332 815.582,621.999 817,624.5C 818.333,623.833 819.333,622.833 820,621.5C 820.368,622.91 821.201,623.91 822.5,624.5C 824.815,623.766 826.648,622.432 828,620.5C 828.249,621.624 828.749,622.624 829.5,623.5C 829.998,622.397 830.331,621.397 830.5,620.5C 831.281,621.729 831.781,623.062 832,624.5C 832.85,623.576 833.85,623.576 835,624.5C 836.811,623.576 836.645,622.743 834.5,622C 837.343,621.085 839.51,621.919 841,624.5C 842.15,623.576 843.15,623.576 844,624.5C 845.365,623.407 845.699,622.074 845,620.5C 844.692,621.308 844.192,621.975 843.5,622.5C 842.618,621.24 841.618,620.074 840.5,619C 843.221,618.432 845.888,618.099 848.5,618C 845.704,620.913 846.371,622.913 850.5,624C 848.667,624.5 847.5,625.667 847,627.5C 846.832,646.671 846.332,665.671 845.5,684.5C 845.5,666.167 845.5,647.833 845.5,629.5C 821.833,629.5 798.167,629.5 774.5,629.5C 774.5,648.167 774.5,666.833 774.5,685.5C 798.167,685.5 821.833,685.5 845.5,685.5C 820.847,687.162 795.847,688.162 770.5,688.5C 768.717,690.232 766.717,691.732 764.5,693C 765.623,694.044 766.956,694.71 768.5,695C 764.317,697.277 759.984,696.944 755.5,694C 756.255,691.867 757.588,690.2 759.5,689C 736.626,687.905 713.792,687.071 691,686.5C 690,687.833 689,687.833 688,686.5C 685.325,688.886 684.825,688.22 686.5,684.5C 685.903,681.16 684.236,680.66 681.5,683C 680.475,685.729 680.475,688.729 681.5,692C 680.915,693.302 680.249,694.469 679.5,695.5C 679.832,645.664 679.499,595.997 678.5,546.5 Z"/></g>
<g><path style="opacity:1" fill="#f1f3f5" d="M 691.5,629.5 C 714.833,629.5 738.167,629.5 761.5,629.5C 761.5,648.167 761.5,666.833 761.5,685.5C 738.167,685.5 714.833,685.5 691.5,685.5C 691.5,666.833 691.5,648.167 691.5,629.5 Z"/></g>
<g><path style="opacity:1" fill="#8b36f8" d="M 774.5,558.5 C 774.5,558.167 774.5,557.833 774.5,557.5C 798.5,557.5 822.5,557.5 846.5,557.5C 846.83,577.34 846.497,597.007 845.5,616.5C 845.5,616.167 845.5,615.833 845.5,615.5C 845.5,596.5 845.5,577.5 845.5,558.5C 821.833,558.5 798.167,558.5 774.5,558.5 Z"/></g>
<g><path style="opacity:1" fill="#a252fe" d="M 857.5,547.5 C 857.5,597.5 857.5,647.5 857.5,697.5C 797.824,698.163 738.491,697.496 679.5,695.5C 680.249,694.469 680.915,693.302 681.5,692C 680.475,688.729 680.475,685.729 681.5,683C 684.236,680.66 685.903,681.16 686.5,684.5C 684.825,688.22 685.325,688.886 688,686.5C 689,687.833 690,687.833 691,686.5C 713.792,687.071 736.626,687.905 759.5,689C 757.588,690.2 756.255,691.867 755.5,694C 759.984,696.944 764.317,697.277 768.5,695C 766.956,694.71 765.623,694.044 764.5,693C 766.717,691.732 768.717,690.232 770.5,688.5C 795.847,688.162 820.847,687.162 845.5,685.5C 845.5,685.167 845.5,684.833 845.5,684.5C 846.332,665.671 846.832,646.671 847,627.5C 847.5,625.667 848.667,624.5 850.5,624C 846.371,622.913 845.704,620.913 848.5,618C 845.888,618.099 843.221,618.432 840.5,619C 841.618,620.074 842.618,621.24 843.5,622.5C 844.192,621.975 844.692,621.308 845,620.5C 845.699,622.074 845.365,623.407 844,624.5C 843.15,623.576 842.15,623.576 841,624.5C 839.51,621.919 837.343,621.085 834.5,622C 836.645,622.743 836.811,623.576 835,624.5C 833.85,623.576 832.85,623.576 832,624.5C 831.781,623.062 831.281,621.729 830.5,620.5C 830.331,621.397 829.998,622.397 829.5,623.5C 828.749,622.624 828.249,621.624 828,620.5C 826.648,622.432 824.815,623.766 822.5,624.5C 821.201,623.91 820.368,622.91 820,621.5C 819.333,622.833 818.333,623.833 817,624.5C 815.582,621.999 814.582,622.332 814,625.5C 813.552,623.776 812.718,623.109 811.5,623.5C 811.977,622.069 812.643,620.736 813.5,619.5C 814.451,620.326 815.451,620.492 816.5,620C 816.167,619.667 815.833,619.333 815.5,619C 802.7,619.084 790.367,618.917 778.5,618.5C 780.02,621.359 779.353,623.693 776.5,625.5C 773.716,623.048 774.049,621.048 777.5,619.5C 776.471,619.704 775.471,619.204 774.5,618C 798.337,617.832 822.004,617.332 845.5,616.5C 846.497,597.007 846.83,577.34 846.5,557.5C 822.5,557.5 798.5,557.5 774.5,557.5C 773.453,556.922 773.62,556.256 775,555.5C 792.877,556.612 811.043,556.779 829.5,556C 828.12,554.676 827.786,553.343 828.5,552C 827.167,551.667 825.833,551.333 824.5,551C 824.833,550.667 825.167,550.333 825.5,550C 824.328,549.581 823.328,548.915 822.5,548C 834.162,547.5 845.829,547.333 857.5,547.5 Z"/></g>
<g><path style="opacity:1" fill="#f2f3f5" d="M 427.5,586.5 C 482.5,586.5 537.5,586.5 592.5,586.5C 592.5,689.167 592.5,791.833 592.5,894.5C 537.5,894.5 482.5,894.5 427.5,894.5C 427.5,791.833 427.5,689.167 427.5,586.5 Z"/></g>
<g><path style="opacity:1" fill="#a151fd" d="M 447.5,727.5 C 465.137,726.187 474.304,734.187 475,751.5C 471.453,765.193 462.619,771.36 448.5,770C 431.857,763.073 427.69,751.573 436,735.5C 439.482,732.161 443.315,729.494 447.5,727.5 Z"/></g>
<g><path style="opacity:1" fill="#f0eff5" d="M 449.5,740.5 C 458.658,739.491 462.492,743.491 461,752.5C 455.818,759.09 450.818,759.09 446,752.5C 444.593,747.643 445.76,743.643 449.5,740.5 Z"/></g>
<g><path style="opacity:1" fill="#f2f3f5" d="M 774.5,559.5 C 797.833,559.5 821.167,559.5 844.5,559.5C 844.5,578.167 844.5,596.833 844.5,615.5C 821.167,615.5 797.833,615.5 774.5,615.5C 774.5,596.833 774.5,578.167 774.5,559.5 Z"/></g>
<g><path style="opacity:1" fill="#f2f4f5" d="M 691.5,559.5 C 714.5,559.5 737.5,559.5 760.5,559.5C 760.5,578.167 760.5,596.833 760.5,615.5C 737.5,615.5 714.5,615.5 691.5,615.5C 691.5,596.833 691.5,578.167 691.5,559.5 Z"/></g>
<g><path style="opacity:1" fill="#dcc7ef" d="M 774.5,559.5 C 774.5,559.167 774.5,558.833 774.5,558.5C 798.167,558.5 821.833,558.5 845.5,558.5C 845.5,577.5 845.5,596.5 845.5,615.5C 845.167,615.5 844.833,615.5 844.5,615.5C 844.5,596.833 844.5,578.167 844.5,559.5C 821.167,559.5 797.833,559.5 774.5,559.5 Z"/></g>
<g><path style="opacity:1" fill="#decaee" d="M 691.5,559.5 C 714.661,558.502 737.994,558.169 761.5,558.5C 761.83,577.674 761.497,596.674 760.5,615.5C 760.5,596.833 760.5,578.167 760.5,559.5C 737.5,559.5 714.5,559.5 691.5,559.5 Z"/></g>
<g><path style="opacity:1" fill="#9f50fe" d="M 162.5,546.5 C 222.5,545.167 282.5,545.167 342.5,546.5C 341.501,596.664 341.168,646.997 341.5,697.5C 282.167,697.5 222.833,697.5 163.5,697.5C 163.5,647.5 163.5,597.5 163.5,547.5C 166.833,547.5 170.167,547.5 173.5,547.5C 174.598,548.397 174.598,549.23 173.5,550C 174.167,551.333 175.167,552.333 176.5,553C 175.075,554.362 174.242,555.862 174,557.5C 173.821,567.744 173.321,577.91 172.5,588C 173.833,595 173.833,602 172.5,609C 173.288,612.076 173.788,615.242 174,618.5C 174.168,598.329 174.668,578.329 175.5,558.5C 175.17,577.674 175.503,596.674 176.5,615.5C 199.5,615.5 222.5,615.5 245.5,615.5C 246.497,597.007 246.83,578.341 246.5,559.5C 247.497,578.659 247.83,597.993 247.5,617.5C 223.491,617.167 199.491,617.5 175.5,618.5C 175.709,619.086 176.043,619.586 176.5,620C 174.908,622.218 172.908,623.885 170.5,625C 172.108,625.469 173.775,626.135 175.5,627C 198.833,627.333 222.167,627.667 245.5,628C 221.996,628.168 198.663,628.668 175.5,629.5C 175.5,648.167 175.5,666.833 175.5,685.5C 198.994,686.498 222.661,686.831 246.5,686.5C 246.5,667.5 246.5,648.5 246.5,629.5C 247.179,647.435 247.845,666.101 248.5,685.5C 249.192,684.975 249.692,684.308 250,683.5C 251,687.5 252,687.5 253,683.5C 254.101,685.394 255.434,686.061 257,685.5C 257.333,666.833 257.667,648.167 258,629.5C 258.168,648.338 258.668,667.004 259.5,685.5C 282.833,685.5 306.167,685.5 329.5,685.5C 329.5,666.833 329.5,648.167 329.5,629.5C 306.004,628.668 282.337,628.168 258.5,628C 272.167,627.667 285.833,627.333 299.5,627C 298.5,626.667 297.5,626.333 296.5,626C 298.333,621.167 296.833,619.667 292,621.5C 289.572,619.14 290.072,618.14 293.5,618.5C 295.611,618.486 297.445,619.152 299,620.5C 300.762,620.056 300.595,619.556 298.5,619C 307.046,619.159 315.046,618.992 322.5,618.5C 323.886,620.979 326.386,622.979 330,624.5C 331.016,623.366 331.683,623.699 332,625.5C 332.374,624.584 332.874,623.75 333.5,623C 330.508,622.481 329.508,620.981 330.5,618.5C 306.84,617.667 283.174,617.167 259.5,617C 283.004,616.832 306.337,616.332 329.5,615.5C 329.5,596.5 329.5,577.5 329.5,558.5C 306.167,558.5 282.833,558.5 259.5,558.5C 283.427,557.662 308.094,557.162 333.5,557C 323.167,556.667 312.833,556.333 302.5,556C 301.01,554.228 299.343,554.061 297.5,555.5C 297.167,555.167 296.833,554.833 296.5,554.5C 297.531,553.3 298.365,551.966 299,550.5C 300.796,551.767 302.629,551.767 304.5,550.5C 305.833,551.167 307.167,551.833 308.5,552.5C 310.122,550.561 311.956,550.228 314,551.5C 314.167,551.167 314.333,550.833 314.5,550.5C 313.271,549.719 311.938,549.219 310.5,549C 312.5,548.333 314.5,548.333 316.5,549C 316.167,549.333 315.833,549.667 315.5,550C 317.011,551.615 318.344,551.615 319.5,550C 318.692,549.692 318.025,549.192 317.5,548.5C 290.508,547.5 263.508,547.167 236.5,547.5C 212.006,546.502 187.339,546.169 162.5,546.5 Z"/></g>
<g><path style="opacity:1" fill="#ba8ff1" d="M 245.5,629.5 C 245.833,629.5 246.167,629.5 246.5,629.5C 246.5,648.5 246.5,667.5 246.5,686.5C 222.661,686.831 198.994,686.498 175.5,685.5C 198.833,685.5 222.167,685.5 245.5,685.5C 245.5,666.833 245.5,648.167 245.5,629.5 Z"/></g>
<g><path style="opacity:1" fill="#f1f3f5" d="M 329.5,629.5 C 329.5,648.167 329.5,666.833 329.5,685.5C 306.167,685.5 282.833,685.5 259.5,685.5C 259.5,666.833 259.5,648.167 259.5,629.5C 282.833,629.5 306.167,629.5 329.5,629.5 Z"/></g>
<g><path style="opacity:1" fill="#f2f3f5" d="M 175.5,629.5 C 198.833,629.5 222.167,629.5 245.5,629.5C 245.5,648.167 245.5,666.833 245.5,685.5C 222.167,685.5 198.833,685.5 175.5,685.5C 175.5,666.833 175.5,648.167 175.5,629.5 Z"/></g>
<g><path style="opacity:1" fill="#f1f3f5" d="M 259.5,558.5 C 282.833,558.5 306.167,558.5 329.5,558.5C 329.5,577.5 329.5,596.5 329.5,615.5C 306.167,615.5 282.833,615.5 259.5,615.5C 259.5,596.5 259.5,577.5 259.5,558.5 Z"/></g>
<g><path style="opacity:1" fill="#a254fd" d="M 173.5,547.5 C 194.5,547.5 215.5,547.5 236.5,547.5C 263.508,547.167 290.508,547.5 317.5,548.5C 318.025,549.192 318.692,549.692 319.5,550C 318.344,551.615 317.011,551.615 315.5,550C 315.833,549.667 316.167,549.333 316.5,549C 314.5,548.333 312.5,548.333 310.5,549C 311.938,549.219 313.271,549.719 314.5,550.5C 314.333,550.833 314.167,551.167 314,551.5C 311.956,550.228 310.122,550.561 308.5,552.5C 307.167,551.833 305.833,551.167 304.5,550.5C 302.629,551.767 300.796,551.767 299,550.5C 298.365,551.966 297.531,553.3 296.5,554.5C 296.833,554.833 297.167,555.167 297.5,555.5C 299.343,554.061 301.01,554.228 302.5,556C 312.833,556.333 323.167,556.667 333.5,557C 308.094,557.162 283.427,557.662 259.5,558.5C 259.5,577.5 259.5,596.5 259.5,615.5C 282.833,615.5 306.167,615.5 329.5,615.5C 306.337,616.332 283.004,616.832 259.5,617C 283.174,617.167 306.84,617.667 330.5,618.5C 329.508,620.981 330.508,622.481 333.5,623C 332.874,623.75 332.374,624.584 332,625.5C 331.683,623.699 331.016,623.366 330,624.5C 326.386,622.979 323.886,620.979 322.5,618.5C 315.046,618.992 307.046,619.159 298.5,619C 300.595,619.556 300.762,620.056 299,620.5C 297.445,619.152 295.611,618.486 293.5,618.5C 290.072,618.14 289.572,619.14 292,621.5C 296.833,619.667 298.333,621.167 296.5,626C 297.5,626.333 298.5,626.667 299.5,627C 285.833,627.333 272.167,627.667 258.5,628C 282.337,628.168 306.004,628.668 329.5,629.5C 306.167,629.5 282.833,629.5 259.5,629.5C 259.5,648.167 259.5,666.833 259.5,685.5C 258.668,667.004 258.168,648.338 258,629.5C 257.667,648.167 257.333,666.833 257,685.5C 255.434,686.061 254.101,685.394 253,683.5C 252,687.5 251,687.5 250,683.5C 249.692,684.308 249.192,684.975 248.5,685.5C 247.845,666.101 247.179,647.435 246.5,629.5C 246.167,629.5 245.833,629.5 245.5,629.5C 222.167,629.5 198.833,629.5 175.5,629.5C 198.663,628.668 221.996,628.168 245.5,628C 222.167,627.667 198.833,627.333 175.5,627C 173.775,626.135 172.108,625.469 170.5,625C 172.908,623.885 174.908,622.218 176.5,620C 176.043,619.586 175.709,619.086 175.5,618.5C 199.491,617.5 223.491,617.167 247.5,617.5C 247.83,597.993 247.497,578.659 246.5,559.5C 223.006,558.502 199.339,558.169 175.5,558.5C 174.668,578.329 174.168,598.329 174,618.5C 173.788,615.242 173.288,612.076 172.5,609C 173.833,602 173.833,595 172.5,588C 173.321,577.91 173.821,567.744 174,557.5C 174.242,555.862 175.075,554.362 176.5,553C 175.167,552.333 174.167,551.333 173.5,550C 174.598,549.23 174.598,548.397 173.5,547.5 Z"/></g>
<g><path style="opacity:1" fill="#d6bcee" d="M 175.5,558.5 C 199.339,558.169 223.006,558.502 246.5,559.5C 246.83,578.341 246.497,597.007 245.5,615.5C 245.5,596.833 245.5,578.167 245.5,559.5C 222.5,559.5 199.5,559.5 176.5,559.5C 176.5,578.167 176.5,596.833 176.5,615.5C 175.503,596.674 175.17,577.674 175.5,558.5 Z"/></g>
<g><path style="opacity:1" fill="#f2f4f5" d="M 245.5,615.5 C 222.5,615.5 199.5,615.5 176.5,615.5C 176.5,596.833 176.5,578.167 176.5,559.5C 199.5,559.5 222.5,559.5 245.5,559.5C 245.5,578.167 245.5,596.833 245.5,615.5 Z"/></g>
</svg>
